1005 0 047cae7c-c674-41ea-a4c7-1d0d68c73b47 1
1005 0 30292921-a099-42b3-aa3e-01332f222345 1
1005 0 72c219b9-ce50-4f07-b63e-0cb7c355b526 1
1005 0 7fd6d0a7-076e-4ff8-9a1e-a2ddd98df873 1
1005 0 ac916778-2e0e-4d2a-a7a3-67c3600d66d7 1
1005 0 b653fe91-0ef1-4c76-8151-c2e5d25c0ad1 1
1005 0 e18dba65-7602-4801-9190-946f2cddea6d 1
1008 0 099ffaa9-cfc4-472d-9ca8-1f2e93139ba3 3
1008 0 279332ea-b2ba-44b4-a02f-8f009fea071f 0
1008 0 486430e9-db2f-4215-bfa3-f28415f03cfe 3
1008 0 4f8da0a1-12a2-4847-a19d-602af9fdb65b 0
1008 0 56cc027f-dcb2-4e59-81d5-f21f604a7a6f 3
1008 0 65e7dd5f-b83e-429d-96d5-05094feafcfe 0
1008 0 6abce203-f910-4743-a67c-4bd60f9fb723 0
1008 0 7e6317ff-65d0-44a4-939a-3b327fe59bdb 0
1008 0 9575c9d4-2122-4e9c-9d94-5c6df05dc800 3
1008 0 9702181f-7833-4bc7-bad5-20b0c8a78e9b 3
1008 0 98fd88b7-4805-4ca8-bef1-b08c0391922e 0
1008 0 9bfa27ba-8e8f-4f98-9333-d87ef78818e2 3
1008 0 b344cd80-800b-4396-8910-231af3e2e68b 3
1008 0 b7970f1b-321b-46af-86dd-57f7bea7bc75 3
1008 0 bd50e32a-d4c1-47c0-9303-ffa359059b30 0
1008 0 c8003a46-1adf-420d-8929-a2902d29a9f8 3
1008 0 cad6c400-71f2-4c67-b628-8a8df770eb34 0
1008 0 ccd2afd1-5554-40d7-a21a-61f5621b5cd1 3
1008 0 d61ca835-24d3-496a-967d-5ab6897b2f98 0
1008 0 febe6b30-f63b-48dc-a4b7-183843b4f56e 3
1021 0 08ba7fc3-bed4-4178-bf1a-00f77c3c3e08 0
1021 0 23b1e0ac-b6ce-4ec5-886b-ccd41f278bae 3
1021 0 58e90a38-0b50-4cd9-83b0-2398e8b60e70 0
1021 0 593709be-0caf-48aa-84a5-8d12678efe38 3
1021 0 6b4c2f61-abbb-48f4-af36-2a9b80aa4f2e 3
1021 0 70939144-e1cc-4306-8141-0c871c2476be 3
1021 0 8268548a-6932-4d00-9b01-16ac21db6482 3
1021 0 8b9181be-eb76-435f-a820-a4b657d2f0b9 3
1021 0 a106e63a-e543-422f-9b28-1140d575311f 0
1021 0 a14102dd-93e4-4f78-a2c3-30087536a38b 0
1021 0 a3d5b3dd-929f-49f1-91b9-32e005f300fd 0
1021 0 b0bc7808-67a4-45ec-b49e-40730d3acb88 0
1021 0 c72de4f2-7e64-43a5-9812-995c7cf8be50 0
1021 0 c7bf853f-95bc-43b5-a1d6-2aba9838e615 0
1021 0 dc1329c9-10e7-42bf-984d-4b6990dfe07a 3
1021 0 e0141fb0-57c7-46de-b81d-784df05b7c3e 1
1021 0 e40999a4-8e9c-47de-8605-cf5f5381fc91 0
1021 0 ebe39704-1e72-4b8d-bedc-0af91166d570 3
1021 0 f4a44d06-7794-4a64-aec9-66394bd58dc0 0
1022 0 0b2af302-ba4e-47a1-ab27-0ca5aefb6810 1
1022 0 1440d75f-91b6-4820-b676-7fa797ec2c42 1
1022 0 23c8d8e2-827a-40d7-b21b-bc4744cb57ee 0
1022 0 5a5813fc-e008-4d33-beda-0749696de9e8 1
1022 0 5c5d9c44-a56a-4cfe-9882-822fed349134 1
1022 0 5f73effe-c7f9-432e-b838-a9a2c1f2e761 1
1022 0 867a952e-9b40-4110-9da2-c9dc31cf6c69 1
1022 0 97f7803e-6154-4910-a703-4522783d2418 1
1022 0 b25afa13-36b1-4ac7-a69f-16aafd0c0cb2 1
1022 0 c28560d7-c89f-4624-8e8d-b60b3a8f2232 1
1022 0 c880f3f0-30c5-4813-a1da-e3c95541b1a8 1
1022 0 fd656dd4-1927-4c34-8703-e871598e06db 0
1023 0 0a5ffbc7-7b5c-4478-a39e-767ea7151d59 1
1023 0 4a30ee5e-2b8d-40de-a7cb-120fa1fed507 1
1023 0 4b3b3144-cc34-46c0-8b16-529db31b5a88 1
1023 0 4f0a7f05-654e-4e5d-a25b-53abe7911d38 1
1023 0 7859b601-5b12-4413-906e-e91272d843d0 1
1023 0 998507f0-ce75-4014-932b-6f2fa0be1298 1
1023 0 e0f7c9dc-cb90-48bb-b00a-5e70fa308f0e 1
1023 0 ebe024b6-69ce-4ef0-bcaa-68a6ccb3c787 1
1025 0 00a98590-3de2-4320-ba3f-b39de4c675e6 1
1025 0 02b743e1-c517-47f1-8d2c-5f00f5a8e4c6 0
1025 0 0f2f107b-4a38-4a88-9779-32086c3eebab 1
1025 0 262ed909-f5f9-493b-8df0-68e1cfb108f6 0
1025 0 349fe598-02cb-4421-99ed-0d8ad7898ab1 0
1025 0 48d389d1-c5d2-4e5c-b712-64f5cb7c9469 3
1025 0 62f75b44-6bfe-4d39-8e33-9d5a153bbc48 1
1025 0 7fc54cf0-434c-4173-9f5c-cb25a6e20a1a 3
1025 0 b01009bc-759a-4242-85c2-3239e42ba224 1
1025 0 f4bb544b-b0e6-40e5-81b5-d3f6d3247272 3
1026 0 0df43a06-904c-4705-87be-2d51ef753086 0
1026 0 1f22c2cf-303d-4d09-9d54-26cd6a53c9d3 0
1026 0 346c440a-e522-4b71-b731-12e332a05c70 0
1026 0 3aa3c9dd-1af4-46bd-8838-692bbd8db92f 0
1026 0 61360925-7447-4cf6-b2d2-fa96dee4a8fc 0
1026 0 7a90d48b-997a-4690-bbee-8216dff9ae22 0
1026 0 7cbd047f-5b55-41f9-b7e4-5aeb192617e0 0
1026 0 830eddcb-7e6c-4a61-a4a8-acc6d4c1fdd5 0
1026 0 9ea804cd-cbd7-4090-968e-f6ba16d457c6 0
1026 0 b02c97cc-8cc6-4ec6-acd7-47bedeb58718 0
1026 0 b4d95499-d309-4d9a-9503-5941b37766b5 0
1026 0 de41f6c0-fdf5-4959-90b8-421a24b76843 0
1026 0 e8bd8137-8891-4d76-a4d9-b100db2b42f4 0
1026 0 f59ac1b0-13c8-453b-bcb6-0757a494d954 0
1026 0 f6fc2f27-16ea-42ed-8302-62d913b71f38 3
1026 0 fa35d450-2757-4d22-9663-d869f191eb8e 1
