1008 0 0223ebb7-4d7e-47bc-a282-d8eeb8c9c49e 1
1008 0 12b7dbe9-62b4-4d4b-a2fe-7c64c8009b5d 3
1008 0 3df23f82-e0b0-4458-8070-85a03c7bca89 0
1008 0 5d432e1b-e20d-4234-91b6-092c8f813b55 3
1008 0 70032cb6-9823-4991-b76a-7596e3597740 0
1008 0 8017b915-cc99-4b1e-9d94-8dc840070a44 3
1008 0 8bfef84f-403c-4a89-90c7-28e6c0bb4d9a 3
1008 0 aa8aa2ee-15f7-4770-8a7d-fe9f2905bba4 1
1008 0 dffd572d-bb7e-44d9-abf2-3fadc2da4dc6 0
1008 0 fa0539ea-05ca-4318-bfd9-1f90e9441079 3
1013 0 03de5921-2327-4d59-b750-9651f513c4dc 1
1013 0 0640acfa-01cf-4aa6-9c04-b2ff4fa25db6 0
1013 0 09c3b6c0-d63c-4754-a6c5-35bbdb6c45c3 1
1013 0 09ea7026-497c-4c04-89e8-1441c270e09a 0
1013 0 2043d578-523d-4045-aed8-b6d541b8617e 0
1013 0 263c183d-03a1-4109-b913-2c242ad7ce6d 1
1013 0 29beb037-5421-4f17-80d6-efd1856c85bd 0
1013 0 2b6c2535-5fca-40a8-b2d4-2c50a151838b 0
1013 0 5c939b7c-2b89-4d80-9629-51dbb21296f0 3
1013 0 5f976570-dc24-4d68-b8a5-bf337ba0eb2c 3
1013 0 6f872211-76b0-43c9-b409-4c3dd4c81850 0
1013 0 98be90b1-e4bd-4053-baf3-cf6b803b636b 0
1013 0 a478c964-df22-4ecb-aab6-d8354045b2b5 0
1013 0 b4a3b285-664b-4ea6-b276-548420aa7e67 0
1013 0 ba08583e-abfa-4757-9b30-6527159f16d7 0
1013 0 bc87799f-eb07-49b3-8127-8ba35d46e99a 0
1013 0 c40cf86f-75b4-4ef1-9aaa-b080580ee9b9 3
1013 0 cd2b1f22-53fc-477c-8ddc-7120fcb2f520 1
1013 0 e98723f1-4283-4137-ab57-37d2cb22c302 1
1013 0 fe9ec0d2-dd52-4f1b-a096-832a1ef2bfe7 0
1020 0 12b20906-efcb-4cb6-be8f-d812c951314a 0
1020 0 19b99389-a38c-4d22-a30c-b2986bcb7359 0
1020 0 20eeccc0-2c94-43ca-9da1-b570e988006f 0
1020 0 22a0e7a2-c436-47e0-89ef-4a240c7eb9b2 0
1020 0 2728cfd1-b11c-4676-8210-28afd155c9c1 0
1020 0 4057e51b-aa6f-4c53-bea2-b3f8dc01551a 0
1020 0 46457c08-0027-437c-9a42-d977d983f95f 0
1020 0 4dcb7dfb-69f8-4394-a152-06fd06c96190 0
1020 0 4fcb183b-a129-42ba-8255-7aec5a13b3a0 0
1020 0 53cab7e4-c4d9-4548-9a0a-e1f346f6b26e 1
1020 0 6a778fb8-2a01-4859-8d93-53bb7dad90a6 0
1020 0 6b21568c-c08f-48b4-af19-b918e02907ee 1
1020 0 6e9e4e78-27ce-4694-a861-b3e9192f8e61 0
1020 0 777cbde1-ac1b-40bf-8c6d-f22832d1b335 0
1020 0 87ebf01f-1e6d-4121-8cd1-46d01a199a0c 0
1020 0 8c1c0dbc-5cbe-4659-a94f-4a372d645518 0
1020 0 8cf4af02-e958-4353-a362-ffc7d18bded7 3
1020 0 9dff9b2a-0196-4942-b064-742ba81dc8c6 0
1020 0 e722a46b-d29d-4ad3-b624-d86a86f31455 0
1020 0 f88a2643-6f82-4869-bebe-d916e714bde3 0
1021 0 068ca735-80b6-413f-9290-00aba88f751e 1
1021 0 2f0426a2-634f-4110-8a40-ec3498c3be1a 0
1021 0 41d2ca3f-9c2b-4563-a538-736cb9b1f8e1 0
1021 0 4ed06c8a-cd37-4e26-9753-20650705be23 1
1021 0 7460b5c1-7463-4c6c-ade6-f71fe004ef2d 0
1021 0 78bca524-adb3-46aa-8f6d-6fa2fdf1057b 0
1021 0 79eb3b89-2cd6-4ec0-8c7a-52f98809f185 0
1021 0 7a0f9383-c2d2-47bd-b70f-6288548db81a 0
1021 0 879020c8-fca6-4b57-a7b4-b57281937804 0
1021 0 98d58b69-5a44-47c4-8de4-2f248bdaa379 0
1021 0 c0bb01ec-782e-4557-8b5d-b6576da7dbf7 3
1021 0 f47b2e00-48d3-4c2b-a9b7-38afe2da4ed5 0
1022 0 058d97c4-8e44-4175-bf50-133fae942880 1
1022 0 0d95b265-2db8-43aa-9c4b-fb8fec927236 1
1022 0 474eb80a-bc65-4cb3-97ef-f12bfdbdc43a 0
1022 0 627c99ba-511e-4e93-aaed-0f665ece4c5d 1
1022 0 85f3f1e0-396a-4219-9369-5ec99729cc3a 1
1022 0 a8e5a616-2a0d-43f2-af2b-1b8ec622ce6f 0
1022 0 d50faec6-6b63-4996-9f78-3f0296bdd700 1
1022 0 e1fe5760-dd35-458b-b42f-80ab398e20e9 0
1022 0 e36113bd-d199-400a-8fe5-865ee8412c16 1
1022 0 e7754f6e-bc88-4141-b23e-b7ea2b46e49e 0
1023 0 122e143e-479c-4094-9160-61e7685fe569 0
1023 0 3a378b19-a05f-471d-b644-f6df80087bbb 0
1023 0 3c50fdc0-cfdd-401b-b203-3ebdae028f89 0
1023 0 51bc421b-16d2-4cfc-beaf-41277fe8faad 3
1023 0 68d959f8-0db4-4761-b9f7-04a134ba5a3e 3
1023 0 9280877e-3fd5-4d5d-b58a-e561ac6a7838 3
1023 0 936b2a1d-8bdf-4b94-8bfb-8201f50d0c95 3
1023 0 ae4634a6-6adf-46d5-8db5-afc489f29725 3
1023 0 b43b683c-7824-414e-b4ad-db809e0262fa 0
1023 0 c3cdbd6f-672f-44e5-9c05-e2355d7b37be 3
1023 0 c5418a69-d12d-45c3-bb06-ed706a1bb02f 3
1023 0 fb3f110a-81ea-45d8-bcd5-e46f26cf1f1f 3
1026 0 59646744-c73f-451e-aa0e-4ffbf1c53080 3
1026 0 69aa1817-fb14-4093-808b-1b486d7def3e 0
1026 0 76c0ded0-0596-4b56-959a-e45d5154cba7 0
1026 0 7c7a391b-24c4-4c5f-9fc0-8ec9505fb6e3 1
1026 0 968e07d9-79e4-4714-9c01-95c15bd116e9 0
1026 0 9b50790e-ae21-4825-be03-cadaf31ba208 0
1026 0 b7c773f6-932a-4428-8bf0-47a2f7032487 3
1026 0 bcf76aca-6816-46ad-8602-bf8760107e82 1
1026 0 c47b583a-f24f-4084-8356-e6aa2bf347da 0
1026 0 cb752078-1a37-4f0f-adc1-31847f9757c8 0
1026 0 d1401cfb-9525-4786-b74b-bbc64ad4ea33 0
1026 0 d8cc2f74-5d28-4301-af98-ba9fdd62a898 3
1026 0 d9d3cb8e-21e7-49ce-82e2-3d096dbcb38e 0
1026 0 ff3dd077-7229-4583-b96a-24a42ffe3e7e 3
1027 0 09943c5f-c948-4212-9c6c-e40a3c6d3328 1
1027 0 18c67e4d-d664-45ff-a17a-9993ac511664 0
1027 0 440d1a16-0bed-408d-bf29-7a7efc3369b8 0
1027 0 47d440d0-f05f-4e39-946c-504707d35dc4 0
1027 0 64118460-da87-4bad-8384-707f6c181444 0
1027 0 78167974-b2d9-44c1-8a1c-beb5aa987ef0 0
1027 0 8674737a-6833-45a0-b548-b7f98eeeb287 1
1027 0 93fd90e1-bbc4-4458-aa09-7953e729f46c 0
1027 0 a26eb9b6-1595-4a67-a698-69ba5f31927d 0
1027 0 ba940551-9eba-4a83-bcd2-269c072b0d78 0
1027 0 c7a43666-2fe7-4301-892e-c89eeed21b0b 1
1027 0 e5df5b67-ae18-4692-9a59-b490e58f83be 0
1027 0 f879b20c-0e20-41fd-bfbc-9221a587f05b 0
1027 0 fb635151-339b-4bea-b62e-312339e03ebc 1
