1001 0 062bf68a-5971-40f9-9cb1-6d7bf55592e2 0
1001 0 08d961e4-a3ca-4eb6-b815-722fd02b8678 0
1001 0 73bb1417-ee42-46cc-b6cd-846ccb83e56c 0
1001 0 a5d2403e-280f-4dd9-8975-1a4f72327ce8 0
1001 0 f47a386d-6dcb-4063-a26b-edfd8b686d4f 0
1001 0 fda35fb4-5291-4f2f-8679-0731a2642ccd 1
1002 0 1301f81d-e0cf-4a5b-99d6-083c76128875 0
1002 0 1636e6dd-cb3e-4803-bff9-c107a116195e 0
1002 0 1889f254-fd4d-46f1-8f79-7d417e6bfd24 0
1002 0 1b7bd7f4-2825-42cc-b41b-654943fc3a00 0
1002 0 26490c04-0b09-449e-8a06-5a22300b3676 0
1002 0 2b0ef28c-1b95-4b87-852a-c7492f6b9818 0
1002 0 47f1f614-d372-4e88-9956-3113af832bbf 0
1002 0 5b21f00b-daa5-41a8-9b90-4d70817444bf 0
1002 0 658c5982-8687-447c-ad66-304aa7f56c19 1
1002 0 66514bfe-c774-47b3-bc77-7e69615ff47a 0
1002 0 6db5f559-d2a4-41a3-87ed-0b82b648ffbe 0
1002 0 6e054d24-abc5-4d78-875c-5e55225fb87d 0
1002 0 86051e13-92cb-4547-a923-46bb2124c993 0
1002 0 8627c767-3164-4b45-912e-cc57a82323e5 0
1002 0 8db9339a-ad74-44d7-b77a-74100d99a4a6 0
1002 0 b52b0562-d54c-48b7-b8d5-1cece073f84c 0
1002 0 b87c6be4-f859-44a8-b445-8f9ead9c683b 0
1002 0 b9d4dfd3-da2b-4dfd-bd36-fdf541188262 0
1002 0 bab3fdf8-98eb-4afa-bf51-8d45d1eeb02a 1
1002 0 c64b61be-a6b3-487d-9f03-f02b5742c5f8 0
1002 0 c692c78a-c175-4e40-9aa6-324fb01ea23c 1
1002 0 ca231e09-d6fc-43ef-8e92-faba617fbb45 0
1002 0 e4dcb062-a746-48cc-b935-7cc5cf7adaf1 0
1002 0 ff2bec0a-42b4-4375-88df-ac869c74d733 1
1003 0 0bf1c029-2cbe-445a-b7d8-9a9bb52269e3 0
1003 0 0ca519e8-f8d3-43d0-83b2-7fcbda610f2b 0
1003 0 12465ea3-d6f9-425f-a09e-ae58105d7997 0
1003 0 25926011-eff7-4beb-9233-aed8839809e7 1
1003 0 39f01d6e-7b9b-407e-b701-f65ba1432299 0
1003 0 3c601185-d4ff-4684-af0c-369936b6d158 0
1003 0 4b17b008-8144-4047-b669-f45915bfa3a3 0
1003 0 57d22675-4083-4099-947c-9d2f2cccfb29 0
1003 0 6085cfaf-1168-42f5-a2e0-1adc881fce3d 1
1003 0 6248609f-afca-4149-bc0e-aaf3c2a632a1 0
1003 0 905a9eae-eb2f-4fe7-a22f-d93edfa929b0 0
1003 0 97e8298d-aef3-4e82-a96b-bbc09db8a810 1
1003 0 9de43590-8083-432d-807b-93f478260770 0
1003 0 a15765d5-1507-4128-853f-a9d04d71d75f 1
1003 0 aaf4149a-2008-4604-93ed-dd8d9a6596d1 0
1003 0 ac0b3310-3904-4779-8ca2-c97f04f12e2c 0
1003 0 e9747aee-2d66-4c45-bd0c-2b4970cdc820 0
1003 0 f519d2be-3b12-441e-9f5e-9f0a9304b593 0
1004 0 00b3c818-1d24-42ef-853e-282363a2689c 0
1004 0 1f01b932-4305-4254-b726-4509390c73df 1
1004 0 2dd51ae4-de04-4a24-9ee2-39b0a6734d62 0
1004 0 33746fca-7c8d-4e79-aae5-a9bbb3f9dfed 1
1004 0 3c5dc683-50dd-4b9f-bbb5-8cdab29c12cf 0
1004 0 5b853bb3-a752-4615-9ae9-8eb4be87067c 1
1004 0 604d44d2-596c-4884-9b8b-8f55ae9bacab 0
1004 0 6e3db1b8-df4a-480a-82ff-8e2d7b53605a 0
1004 0 9949cc59-5465-4fa0-8275-1c695b31f8cf 0
1004 0 b0d95fd3-e1a8-4085-b1ae-bfa63dbfc84a 0
1004 0 b4f0406e-f8b4-43ed-b16a-e963728fb49e 0
1004 0 b5b2f611-eef0-4bae-9fec-534949817300 0
1004 0 b92d4955-855e-4ef4-82df-fa52e62de4ee 0
1004 0 bc7dc413-8d14-4963-81be-7fd9d3885084 1
1004 0 bdae9e5c-1ff2-4ff5-97a3-7e9b9f36f5b5 0
1004 0 bf2afcce-4ab4-4c9c-842b-793241523117 1
1004 0 efce8606-4cb0-447f-a829-1869ad982039 0
1005 0 15a6da3c-f528-4cb1-8bc7-860cb9bb2f42 0
1005 0 15b4b4f2-ec08-40c3-8974-e0346f8f6c39 0
1005 0 3bba9a45-490b-4c01-8682-e7bc1084fdf0 0
1005 0 4402cf60-28e1-457f-b171-1a5435eee05e 0
1005 0 588c3253-4ed8-45d6-abd4-9389b74704c9 1
1005 0 6ee86541-2938-47a1-8d3c-a4cc53631721 1
1005 0 70d1e3ab-9adf-4289-94f1-1095d4885a02 0
1005 0 8e1ca984-0d55-4e4c-bc5c-51afb8a525c1 0
1005 0 9812724d-c15b-4b7b-9b56-816541c51539 1
1005 0 9873b682-b89c-4100-be66-77c5be9930ee 0
1005 0 a055711d-a4e5-4608-ac6b-31310adef63f 1
1005 0 a4e33dfa-0197-488a-a9a5-776b4442c042 1
1005 0 a64e13a4-0bbc-4623-9297-d9b30f89f452 1
1005 0 b9541b6d-0ce2-4a2f-9477-f78f1913149e 0
1005 0 d5529a0d-5501-41d7-8fad-e1e0109ea3c9 0
1005 0 d9845969-3c57-41ad-82a5-58e8ddc55d6a 0
1006 0 0a57abbe-2fd2-4698-b9e9-bef9e7944a18 0
1006 0 20b39a12-1008-49cb-9b03-d48cca4bca8f 1
1006 0 31c3bf91-2a07-4327-ab5a-c1535e9d3429 1
1006 0 60c3bf93-fd6c-4afe-8141-90855ca5052a 1
1006 0 7149251e-9e15-4978-8dcd-0b242f2832fc 1
1006 0 8017007e-f201-4775-949c-d2b510ecdf43 0
1006 0 900c9fa5-0fd6-4c5b-af8d-7eabf0974470 1
1006 0 b36b5e0f-f709-4ab2-80a9-d92d20b0946d 0
1006 0 c7c1bb19-1b17-4310-b1de-5d3c7f064d71 0
1006 0 cb4aad68-36f8-4cbd-8433-7be31ac446de 0
1006 0 f61834b3-2515-4edf-86c5-13a59279aa32 0
1006 0 fb73ff73-43eb-4e9f-9170-637cdaa00910 1
1007 0 0ec0b6df-70bf-40dc-bb2d-a4da05ea3996 3
1007 0 1bf98fc1-43e6-444b-81fc-1f2086f1be1c 0
1007 0 2ed91665-b29e-49ad-b698-119f9d8cc311 0
1007 0 3b5d34aa-3ecf-4a54-bfd1-850428b85268 1
1007 0 599e4750-aad3-49ad-aba2-f278072a15c4 0
1007 0 62a5c517-0d89-4517-a74b-b0e1d4fb2a8a 3
1007 0 8297a48b-7d4a-4d15-b3cb-dbe5ee7bd26a 3
1007 0 b8b1487d-6c93-4680-8b05-6e6d28311c62 3
1007 0 f4362428-2bf0-43c7-9848-7f88b2efdd46 0
1007 0 fd84a27a-1b9b-4e3c-b814-373dc18143a9 3
1008 0 0ac684ad-3057-4268-8e97-87fbb953e370 1
1008 0 113c54d4-4053-4154-baff-bb36009f5c8d 0
1008 0 18bc7ef9-d352-4fb4-8bd8-7c6ac518c027 0
1008 0 1e988454-06d1-4a56-aec4-0ecdfaafbde4 1
1008 0 2c9bd368-d3ce-4d6b-8c08-c5c817948706 0
1008 0 2ebdef27-dca2-4ea6-9c56-638bb8b5aa36 0
1008 0 3c4d2f6b-deb6-4968-8182-2c9fc38826b0 1
1008 0 6660db50-ff68-4d2c-80e4-5f407817622e 0
1008 0 68c1de08-dfab-4936-b62b-b0de699b8149 3
1008 0 7b4cd823-37a4-4feb-aac6-def9d27d3910 0
1008 0 7d6e2e0e-5539-45a8-b177-30902b56db10 1
1008 0 a6e0702f-4691-41c4-8782-5a6cde236fc0 0
1008 0 b0525189-1aba-45d4-9e7e-914495537b0f 1
1008 0 b2ec4e56-61f7-466c-8866-05d9a628571a 0
1008 0 b8b1522c-c379-401e-822f-c513c53d11a1 0
1008 0 c17824fe-793c-4f5e-b05c-9516f71c4997 1
1008 0 da563151-db9c-4bd1-8353-8cddb9894129 0
1008 0 f062835b-3502-4ff4-8e8e-58a945c3cb12 0
1008 0 f4aea3b5-a44c-4828-ac40-182820b1ada8 0
1009 0 16f30c2c-1515-4cd1-8c96-048f0627473f 1
1009 0 4393e311-34f8-4b4a-810b-97ab75e45916 0
1009 0 6d6bc641-04eb-47f7-8245-15888924def6 1
1009 0 c6f9d2fc-52a2-4b28-bee3-cc29f8b774bb 1
1009 0 c81901fe-b09a-4bd2-87d0-6b18c2bd18da 1
1009 0 dd4ead08-961f-4481-930d-400aca9a4389 0
1009 0 ddfcf4a5-b63f-40fd-8617-d37f6eb41475 0
1009 0 e211b6e9-a85d-4bc1-90ee-86b0afab75f0 0
1009 0 f47c2755-4b42-4c4e-b4cd-583b3fa49a2e 1
1009 0 fb44c143-1636-471c-a711-dea5cf9d03e4 1
1009 0 fc5bbac1-90df-4fb9-806b-700df96b92ae 1
1010 0 12a10853-30f6-4800-8f2c-df024145ad42 0
1010 0 246022c9-06e0-4239-a6e8-e7c8f67cb78a 0
1010 0 35cee695-50c2-4167-b0be-387d60e6081c 0
1010 0 45bf7e4e-eb71-47f1-94bf-037ad4de7fb0 0
1010 0 4694d5b8-6691-4f09-b38e-e0f361ee4927 1
1010 0 4db8b910-fdb9-4a38-a411-227ea7d44a75 0
1010 0 5fa9731a-8e39-4466-9498-970e99ffab31 0
1010 0 8605af90-5f1c-4aac-a697-bcec0d25a487 0
1010 0 90ca2406-53a4-4fb2-af7c-961719d21415 0
1010 0 a14c7471-d086-44ac-9f5b-e669b0eabf53 1
1010 0 a7651b5a-6217-46fe-801c-dfb6d73d75c4 0
1010 0 bc66df3b-b3f4-4d77-864c-16e00797021c 1
1010 0 c4a2e8d6-a3ee-42a7-81d3-4b4501689f84 1
1010 0 e7e54378-c0cc-430d-baac-a645cd17a66c 1
1010 0 f71ea587-0dd0-484c-a0db-aae29170a62b 0
1010 0 fc317924-074e-4679-b9cb-66f9935a1ed9 1
1010 0 ff9ba1f1-1be7-4451-b223-9a6f12cd09c2 1
1011 0 144ff638-610b-4393-bacd-176da44fa4ed 0
1011 0 40525c50-f622-412f-a4c6-af08a822edb2 1
1011 0 56e9cb47-ffca-48cb-8698-2d0f8317b3e6 1
1011 0 5a4a2e59-c2a0-4347-a0de-d6cd9b76dcb1 1
1011 0 5e25898b-26d8-4ae8-9f2d-c11e51e98896 1
1011 0 67aac2d3-f48c-4258-9876-47d088686615 1
1011 0 84a45178-3915-4acc-a70a-63e5e5cfb7d2 0
1011 0 8dfcf9b1-08be-4880-9461-4626f662cf1e 0
1011 0 d577542e-dbb9-408a-a20a-f4d7a8e09833 1
1011 0 e93d3538-2528-472e-801b-800b85694526 1
1012 0 06724d7b-b25f-4acd-8020-262b8b3c1d0b 1
1012 0 0f167b23-25b7-46b3-a6c8-4013430226c4 1
1012 0 2c5d766d-5245-4590-b402-769318a9e2c6 0
1012 0 31dd0931-3fcd-4435-8dcc-ef8fa411e380 1
1012 0 372391cf-c94f-4c88-906e-bf3431fa5b37 1
1012 0 5bd560c1-ea56-4c3a-baa0-4a659bd8784e 0
1012 0 6942a976-a228-43ef-b053-a1e50f547fd8 0
1012 0 7c1a9256-7d7e-4f5d-9246-1e89c54ce5b8 1
1012 0 ab985068-7c7b-4d31-8b17-06e6e47dca23 0
1012 0 d9f39a59-e6ce-4dd6-af5e-b9505c0a42bf 1
1012 0 e032ff60-5026-4be5-8a11-19c761a07227 1
1013 0 01de31ed-1203-4271-a3dc-3a9e98ebd5c5 0
1013 0 0dbba16e-669d-455b-8fba-673622b40583 0
1013 0 1376d315-c351-48b2-8130-e8cce06c6a4f 0
1013 0 28332a65-91a8-43b6-a65b-57132008c25c 1
1013 0 3e155362-8097-4207-b565-886158d5eb63 0
1013 0 4f8eedd5-8c54-44b7-858a-6db07b5ae0ca 0
1013 0 52010ab7-1a25-4104-8637-8dc911155f8f 3
1013 0 5bf46573-20fa-4362-b250-a72ee006bec4 3
1013 0 60484713-8f7c-4347-a9e2-3738a0ac4dd6 0
1013 0 7d8aee58-25a5-46d2-8afe-cbfb8f73dd31 0
1013 0 a1094383-4fca-4c3a-b5ca-09f10d169c43 0
1013 0 a9ee50e4-01ab-49d5-97a8-2a53f3fac28b 0
1013 0 bb0ef4d9-d613-4fab-985e-84aab5135da6 0
1013 0 bcb9b03f-93fc-41d2-a75b-3c204c5c8c99 1
1013 0 ca9f1777-789e-4d37-9452-e0f155fb3ae1 0
1013 0 d981ae8f-107b-4de8-b5b8-02fb5ee29aed 3
1013 0 def38a78-4ec4-4146-be29-812c7615d16a 1
1013 0 e4ca8876-6203-47e2-bf65-58084be41bb6 0
1013 0 f9df68ae-c7d2-47b4-ba73-9a2f25190e38 1
1013 0 fddf29c0-b35c-4506-b94a-0393f0940f88 1
1014 0 046c8f74-045a-49d6-aef1-ba2294a26c33 0
1014 0 27da73cb-3559-4fa6-8d02-462e6e122532 3
1014 0 3a66fab2-83e2-408c-b5d9-c8f577797719 3
1014 0 3b957abe-5a32-48b2-aa2b-842f5438a056 3
1014 0 3c272cf3-3547-422a-8657-b77f8bec177b 3
1014 0 4bc4022d-1d73-415d-b4c9-6eac5007a8b7 3
1014 0 66ba40e2-baeb-4e91-aa40-f38fe9016c45 3
1014 0 6edc399e-19fe-4697-b924-0cdaa207e329 3
1014 0 8a3479ff-96e1-410b-a4b4-701bff041a0e 3
1014 0 a085e77d-4fbb-46fb-9d1d-7dbe84a1e5d6 0
1014 0 c3a61322-8e85-4b15-b956-4c304e6e5fe7 0
1014 0 ea5c454c-0293-4b4e-81f9-5dfde3bf24d4 0
1015 0 0c174580-1c32-4179-91ea-cbaa5b3b2f42 0
1015 0 324f214d-c10b-4e9f-a55c-881ecfb87005 3
1015 0 3c6fe6df-cd94-4db8-a731-07f8e2611a2a 0
1015 0 493aadb4-a227-4f62-9861-404665bceb65 3
1015 0 51e46ee9-b9cd-41f3-83fc-97f2f665b6c9 3
1015 0 5a1ff519-2106-417c-b3aa-359941139eaf 0
1015 0 5af55031-b27d-413b-96ab-9e5f3be72a51 0
1015 0 6a9c167e-87ec-48e9-9bdc-af607a8a29ca 0
1015 0 6d614a62-e27a-4f3c-b4ec-84200983ff12 0
1015 0 798cb24c-fd4d-47a5-95fd-f2dc88354e82 0
1015 0 96e10ea3-a12e-4733-8957-d341daafdff4 0
1015 0 c7e16a73-d90c-497e-a3d2-08301ff650fb 0
1015 0 ccc92500-c618-4bc4-94fa-75491a879b23 3
1015 0 ce63aa7f-b642-4ca6-a87f-cb1a8945f2b9 0
1015 0 d06db5e8-7503-4cce-984a-ca824b10c5bb 3
1015 0 f02d1157-a96c-4e3c-b01e-de5a74bf2207 3
1015 0 f99f3f55-185e-42ba-ac50-0cc5c54b4d44 3
1015 0 fcc1fcf4-c334-445c-b0fe-17faa760551e 0
1015 0 ff463932-9416-46a8-848e-75b8624d656b 3
1016 0 02e6a41c-89a8-4d37-8ba9-73a478ec90da 3
1016 0 20b14066-1f5c-49d6-abb4-87dffdd6519d 0
1016 0 290c23c1-0226-4e7a-8da4-7533df50408f 1
1016 0 371a5e3b-f9e3-46bc-a638-194fb9ef4106 0
1016 0 427b5273-4566-4f29-82c9-a422fc8f2dbf 1
1016 0 4ec6d711-5a1c-4e73-bab8-fc53cedcb0a3 0
1016 0 5a2b5804-7f7f-4ebe-b1a6-c9d4395fae47 0
1016 0 66d68e41-8776-44c7-b6ed-2f27fe74d22d 0
1016 0 6c20faa4-cda5-4090-8986-d9f5368cb068 0
1016 0 6ee03d50-b3da-4071-9ee5-e731b431d827 0
1016 0 70419177-d052-4412-88a9-3cdcf1a4acd6 0
1016 0 8a928b75-633c-4867-abd3-a85eecf03c6c 0
1016 0 ac7e37a5-1cc8-43ee-9eff-1a39ad3f0950 0
1016 0 be50dd82-af55-4102-844a-8443d0e03925 3
1016 0 c1e7010e-301d-4c7f-ac4a-af1783b87708 0
1016 0 d04156c3-5d18-4949-8dcd-7d428f68ff7a 0
1016 0 d2a9e666-e3ce-470c-8043-d7d1703d3fc0 0
1016 0 ded0f36e-4b5f-4b03-a0c2-a0060f9915db 3
1016 0 e0ab42d2-84ba-4153-8b65-2a3214d7a0cb 1
1016 0 ea915e6e-31b2-46ae-b87e-aaf628e19087 0
1016 0 f9af90a1-db54-4b5f-b62c-2e6ae57950a1 1
1016 0 fc19f034-d6f5-4d6d-ad32-ddb743fb36b9 1
1016 0 fc9e92a1-f3dc-485c-b868-24ce47f37ed1 1
1016 0 fcb7c050-31dc-4800-9827-3181d771b852 0
1017 0 02b39810-05ca-4a62-9e48-13c38f571cc5 0
1017 0 07760ad0-3edd-423e-9c18-c54cc9d302bd 1
1017 0 0cd5f389-7d4c-48c9-abea-2214e9afc796 1
1017 0 0f29bc63-e450-4e8a-9282-111cad73e716 1
1017 0 15a4f2e7-1a55-4b5c-866a-259a05a576e6 1
1017 0 2a753189-20eb-46a8-ae9c-557f51efe3e1 0
1017 0 3806a651-2ebb-4075-b848-48406609ec95 1
1017 0 399db343-8fdb-4d46-be65-fa97d2e6332a 1
1017 0 3c075d65-c5d3-4040-9b4e-dcbacf40e223 1
1017 0 47fbd318-7c1c-4f7a-adfd-3eee12340827 0
1017 0 576ad138-c7e4-4479-a118-d755cfd4f19c 0
1017 0 6f4cc0eb-e836-4fbc-84e4-94163fd1926a 0
1017 0 7a39d806-3c2f-4a0e-9cf2-46b7174d3324 0
1017 0 a6a3d39d-cd15-416c-a809-43b9f126ae15 1
1017 0 b320a2ca-4488-4be5-b836-0d6209b63d3f 1
1017 0 d1a9cac9-899f-48c8-b4ff-0e7cce273b10 0
1017 0 df87f733-9711-4bc3-8dbf-5a3b2b3e5f60 1
1017 0 e9dff07b-8b5d-4ca1-9e8a-04041fd3799e 0
1017 0 eb553dc9-12fb-46e3-a81d-2bef17b74b82 1
1017 0 f5f962da-67ce-4b2e-a305-29eaabe43c59 1
1018 0 1b3471da-5b2d-45c4-8a88-cbf72b5ac534 1
1018 0 334239c6-2e57-46cf-bdae-7b51f750bb43 1
1018 0 5eec0384-dc1b-4d20-b381-468ca88f5208 1
1018 0 68f4b955-e73d-419c-b7aa-1c646584c909 1
1018 0 876fee92-6038-4c00-a630-9512d38d5cb9 1
1018 0 8ceb7321-d2c7-41e3-aaf8-849c7018f0fc 1
1018 0 9f4461d8-83dd-4e85-a336-3a22a202438d 1
1018 0 aa3dd0dd-967a-416d-a791-bba6480f67d9 1
1018 0 bb246bbf-8268-4183-a134-6a003b9438ab 1
1018 0 ed69a9d5-4951-49fd-a611-4cb99f87ab27 1
1019 0 414da155-8ae2-4f1d-aac0-a7a16b11a38d 1
1019 0 4a60e5f4-e9a6-45c2-8fb8-0636bdba4c68 1
1019 0 4b31c5de-7bc8-4b19-a71f-68be0bd647f4 1
1019 0 61cb36f6-7604-466b-8bc3-652a61762843 1
1019 0 6bf2c1c6-887c-4ec0-99a8-a39495b9929f 1
1019 0 83353b63-ff0a-4b9d-81aa-1a7bdd30e68a 1
1019 0 884e656c-e3a2-4437-ae7a-c64662504a0d 1
1019 0 93b63b1e-bd7c-4f23-9fc2-edc2d40f77db 1
1019 0 ab86eb9f-3aef-4b7e-aaca-a729dac8bd39 1
1019 0 b72fa4f2-0e6b-43e0-ac3c-2076590da453 0
1019 0 c0b6ea9e-6a18-42a4-9313-a1543dcfcc80 1
1019 0 c2bf9580-50dd-4215-ae8b-150ca7917bc9 0
1019 0 ed9d25e2-a22a-4151-b6f1-626b00e5aed6 1
1020 0 0711810a-ad35-4c46-8a82-579087ba5b9c 1
1020 0 072eef75-ae5f-40ac-8931-9e517ae92f8f 1
1020 0 382473e1-fe8c-4bcf-995a-9144ba24e8ac 1
1020 0 40060e72-2c8f-4cb7-9c05-093768d5b6ca 1
1020 0 4100fb45-73b0-432c-904f-56b934e3cee7 1
1020 0 45d10f40-1df0-4bfc-a56f-cd997389b5c6 1
1020 0 610c5032-b224-4fdd-95db-dd7d6c43ea32 1
1020 0 7814178e-bda1-496f-811e-de31feff7904 1
1020 0 8367afe6-c01a-44ab-af07-3b35e16b6dca 1
1020 0 d9fdb50b-b833-45e5-bfc7-60e67f7ff7ae 0
1020 0 e38a7796-1b6e-4919-ac9a-297b71b20124 0
1020 0 e40206e6-6aca-4784-b472-9b051b5e836a 1
1020 0 ef895717-d8ce-46e3-9a48-1f613546aa6a 1
1022 0 0106f7c1-6a3b-4802-862b-da663a663088 1
1022 0 03dd96f1-7516-419c-b3dd-a42300f325fd 1
1022 0 1257ab20-0c04-4dcc-9eb6-c008190ef35e 1
1022 0 179b081f-b229-4d05-b3e9-632e12927561 1
1022 0 1d2ad866-99c9-4daa-a932-b77e0f7d79da 1
1022 0 53d81e3c-adc8-4581-85d0-174435b1df6a 1
1022 0 6f000ba9-42de-4c2d-8560-7aff1e20c778 1
1022 0 6f5b3b63-8026-4f7e-8918-9779f49429b7 1
1022 0 6f8f2d8a-bf76-48a4-86e9-1990fd02f2c0 1
1022 0 ad8672e9-f974-4c33-9ea8-43ab65e5cf7a 1
1022 0 ecbc0a25-ba54-4a3d-87eb-df0c3b53d5e9 1
1022 0 f649f4ce-e1a8-4e87-8a03-37097a3b3628 1
1024 0 30a14933-efb0-40d1-b220-779b04473048 0
1024 0 3700e23d-359f-473d-8812-ff1604dc5ec0 0
1024 0 3bd833c9-ad84-4692-bf77-5c4ab111bc40 0
1024 0 3d201ddd-fc3d-43db-93ba-f98d0a4da5bf 0
1024 0 4269b820-01c9-47c9-b7ab-58ba572a2d58 0
1024 0 44c890d6-1aa0-4fd2-8e84-1ee24e58195b 1
1024 0 6f37ee34-8cc5-42d5-baac-1cfbcab9bf75 0
1024 0 7f30b66f-3bde-4845-b022-1408ec456e56 0
1024 0 88bfc8c1-faff-4ffe-90df-1884bfb77d9c 1
1024 0 9c78c647-6d2b-4bb9-8e13-69d5c9b3097f 1
1024 0 b6088046-5df0-4faa-b0fc-3c4f3843990f 0
1024 0 d04b7956-aa2e-4d9c-9e13-f01de563ca5e 0
1024 0 d86dadd8-837c-4e17-a425-873fba3b0347 0
1024 0 e9619f19-797c-4099-9fc8-10080c0ace34 0
1024 0 f85c8664-ca9d-4398-975f-d152fa36017c 1
1025 0 034ccbfe-5677-484c-818f-18d9ce688453 1
1025 0 10656dc3-df51-4ee8-9bae-47c7c2a0fc9f 1
1025 0 17df3425-f639-44ff-9ab7-123fb09ec3b4 1
1025 0 34f873d5-02ff-4db1-8c19-38e91ae2209e 1
1025 0 775e0439-8b81-41b2-b89a-501d1fc9b1ae 1
1025 0 88562fad-558a-489f-8217-b276d0ea8b7e 0
1025 0 8e89e434-5122-4382-a62b-8f220e770ac3 1
1025 0 9351139c-4196-449d-8957-9337f58e2469 0
1025 0 a475201b-12bb-43f2-be2f-5af11a5cd754 1
1025 0 afb7a40f-6a7e-4f20-9c73-652dc9c36731 1
1025 0 e7700004-3e07-4d31-a7cd-6093d5fdeb0a 0
1025 0 f11abce5-2d06-4599-8515-8b8f0f9210a9 0
